   0.0000000e+00   0.0000000e+00   0.0000000e+00   0.0000000e+00   0.0000000e+00   0.0000000e+00   1.0000000e+00   0.0000000e+00   1.0000000e+00             Inf
   8.1457797e-02   1.1961771e-03   6.8756449e-03   3.8531266e-02   2.1455412e-02   1.0968915e-02   2.8077532e-01   4.3561862e+00   1.0000000e+00             Inf
   0.0000000e+00   0.0000000e+00   0.0000000e+00   0.0000000e+00   0.0000000e+00   0.0000000e+00   1.0000000e+00   0.0000000e+00   1.0000000e+00             Inf
   8.1457797e-02   5.8834408e-05   3.1870441e-04   0.0000000e+00   0.0000000e+00   3.0425137e-05   2.8077532e-01   1.8630516e+00   1.0000000e+00   5.8899498e-01
   8.1457793e-02   6.0158333e-05   2.1369498e-04   0.0000000e+00   1.0218006e-06   7.4595504e-08   2.8077532e-01   1.7761566e+00   1.0000000e+00   7.4103476e-02
   8.1457783e-02   2.1428541e-05   8.5076826e-14   0.0000000e+00   2.2249034e-05   7.2345985e-07   2.8077532e-01   1.4676059e+00   1.0000000e+00   7.2907922e-02
   8.1457782e-02   9.2628348e-07   6.3466656e-06   0.0000000e+00   0.0000000e+00   6.7355365e-07   2.8077532e-01   1.2789622e+00   1.0000000e+00   6.6962732e-02
   8.1457782e-02   2.0490814e-05   0.0000000e+00   0.0000000e+00   2.0271868e-05   7.2184079e-07   2.8077532e-01   1.4585561e+00   1.0000000e+00   4.3304778e-02
   8.1457757e-02   6.8760453e-08   1.0384612e-11   0.0000000e+00   0.0000000e+00   4.2538460e-12   2.8077532e-01   1.0315896e+00   1.0000000e+00   4.0356340e-02
   8.1457781e-02   1.7329548e-06   5.8236208e-12   0.0000000e+00   0.0000000e+00   1.2271685e-15   2.8077532e-01   1.1668540e+00   1.0000000e+00   3.7734861e-02
   5.8728032e-02   0.0000000e+00   0.0000000e+00   0.0000000e+00   0.0000000e+00   1.1705246e-20   5.9537600e-01   6.4561707e-01   1.0000000e+00   3.2510150e-02
   8.1457759e-02   4.5998936e-07   9.9572296e-12   0.0000000e+00   1.9893464e-07   0.0000000e+00   2.8077532e-01   1.1145821e+00   1.0000000e+00   3.1051096e-02
   4.6384853e-01   0.0000000e+00   0.0000000e+00   0.0000000e+00   0.0000000e+00   3.7611875e-23   9.9023012e-01   1.9475522e-02   1.0000000e+00   2.8550561e-02
   8.1457757e-02   0.0000000e+00   7.8240308e-14   0.0000000e+00   3.9239808e-11   4.2388232e-12   2.8077532e-01   9.3878238e-01   1.0000000e+00   2.5422284e-02
   4.5799344e-01   0.0000000e+00   0.0000000e+00   0.0000000e+00   0.0000000e+00   1.9783282e-23   9.7920867e-01   4.1176672e-02   1.0000000e+00   2.4059860e-02
   5.9214195e-02   0.0000000e+00   0.0000000e+00   0.0000000e+00   0.0000000e+00   1.2745894e-22   5.8503182e-01   6.5776647e-01   1.0000000e+00   2.1452784e-02
   7.1724450e-02   0.0000000e+00   0.0000000e+00   0.0000000e+00   0.0000000e+00   0.0000000e+00   3.5060145e-01   8.7707863e-01   1.0000000e+00   2.1428293e-02
   7.3244698e-02   0.0000000e+00   0.0000000e+00   0.0000000e+00   0.0000000e+00   5.7946701e-23   3.3110535e-01   8.9038873e-01   1.0000000e+00   2.1059987e-02
   8.1457796e-02   5.7852829e-05   2.3553483e-04   0.0000000e+00   7.3716915e-07   0.0000000e+00   2.8077532e-01   1.7904144e+00   1.0000000e+00   1.9947489e-02
   5.8294601e-02   0.0000000e+00   0.0000000e+00   0.0000000e+00   0.0000000e+00   6.6010815e-20   6.0459060e-01   6.3460949e-01   1.0000000e+00   1.9638988e-02
   7.2448862e-02   0.0000000e+00   3.1464575e-22   0.0000000e+00   0.0000000e+00   3.2444747e-22   3.4096096e-01   8.8378134e-01   1.0000000e+00   1.8301119e-02
   3.7757239e-01   0.0000000e+00   0.0000000e+00   0.0000000e+00   0.0000000e+00   3.6221620e-23   9.6357399e-01   7.1555266e-02   1.0000000e+00   1.7833719e-02
   5.0897380e-02   0.0000000e+00   1.5532293e-20   0.0000000e+00   0.0000000e+00   3.2061692e-21   7.5408389e-01   4.3147428e-01   1.0000000e+00   1.7663611e-02
   4.5445496e-01   0.0000000e+00   0.0000000e+00   0.0000000e+00   0.0000000e+00   3.7980174e-23   9.6947586e-01   6.0147199e-02   1.0000000e+00   1.7282208e-02
   1.2347784e-01   0.0000000e+00   3.9728782e-20   0.0000000e+00   0.0000000e+00   1.4851834e-22   9.0982903e-01   1.7237550e-01   1.0000000e+00   1.7152574e-02
   3.6940112e-02   0.0000000e+00   0.0000000e+00   0.0000000e+00   0.0000000e+00   4.0793364e-21   9.3994498e-01   1.1659923e-01   1.0000000e+00   1.7119191e-02
   4.6489855e-02   0.0000000e+00   3.7165985e-18   0.0000000e+00   0.0000000e+00   5.4306187e-22   8.2911238e-01   3.1304413e-01   1.0000000e+00   1.6862540e-02
   4.5943676e-02   0.0000000e+00   3.7763666e-18   0.0000000e+00   0.0000000e+00   4.3697676e-22   8.3741521e-01   2.9921300e-01   1.0000000e+00   1.6742758e-02
   1.0183660e-01   0.0000000e+00   0.0000000e+00   0.0000000e+00   0.0000000e+00   5.2257303e-22   5.4156358e-01   7.0674824e-01   1.0000000e+00   1.6365496e-02
   4.2266396e-02   0.0000000e+00   2.0019154e-18   0.0000000e+00   0.0000000e+00   2.3600733e-23   8.8712118e-01   2.1344374e-01   1.0000000e+00   1.6334731e-02
   1.0221318e-01   0.0000000e+00   6.7166020e-24   0.0000000e+00   0.0000000e+00   5.3105724e-22   5.4936569e-01   6.9823723e-01   1.0000000e+00   1.6264210e-02
   4.4207805e-01   0.0000000e+00   0.0000000e+00   0.0000000e+00   0.0000000e+00   0.0000000e+00   9.1664673e-01   1.5975877e-01   1.0000000e+00   1.6200155e-02
   6.4458249e-02   0.0000000e+00   0.0000000e+00   0.0000000e+00   0.0000000e+00   5.2693348e-23   4.7579851e-01   7.7363680e-01   1.0000000e+00   1.5924880e-02
   4.4606388e-01   0.0000000e+00   0.0000000e+00   0.0000000e+00   0.0000000e+00   0.0000000e+00   9.3650649e-01   1.2295560e-01   1.0000000e+00   1.5448408e-02
   4.3289323e-02   0.0000000e+00   0.0000000e+00   0.0000000e+00   0.0000000e+00   1.3834630e-20   8.7439118e-01   2.3556185e-01   1.0000000e+00   1.5394172e-02
   7.2295148e-02   0.0000000e+00   8.5427105e-22   0.0000000e+00   0.0000000e+00   1.4581164e-21   3.4295423e-01   8.8243172e-01   1.0000000e+00   1.4942661e-02
   1.0726982e-01   0.0000000e+00   0.0000000e+00   0.0000000e+00   0.0000000e+00   0.0000000e+00   6.5414060e-01   5.7210008e-01   1.0000000e+00   1.4584028e-02
   9.7090670e-02   0.0000000e+00   0.0000000e+00   0.0000000e+00   0.0000000e+00   0.0000000e+00   4.4700439e-01   8.0018707e-01   1.0000000e+00   1.4497291e-02
   4.6780176e-01   0.0000000e+00   0.0000000e+00   0.0000000e+00   0.0000000e+00   1.0635895e-21   9.9470143e-01   1.0641366e-02   1.0000000e+00   1.4381529e-02
   8.4823536e-02   0.0000000e+00   0.0000000e+00   0.0000000e+00   0.0000000e+00   1.8311111e-25   2.8941133e-01   9.1624559e-01   1.0000000e+00   1.3910557e-02
   4.4500573e-01   0.0000000e+00   0.0000000e+00   0.0000000e+00   0.0000000e+00   3.9531203e-23   9.3144843e-01   1.3243362e-01   1.0000000e+00   1.3683349e-02
   4.4814530e-01   0.0000000e+00   3.5951681e-20   0.0000000e+00   0.0000000e+00   4.1021819e-22   9.4592064e-01   1.0540066e-01   1.0000000e+00   1.3643331e-02
   5.1625366e-02   0.0000000e+00   1.2425162e-19   0.0000000e+00   0.0000000e+00   3.6657435e-21   7.4044781e-01   4.5192337e-01   1.0000000e+00   1.3582165e-02
   1.0513665e-01   0.0000000e+00   0.0000000e+00   0.0000000e+00   0.0000000e+00   0.0000000e+00   6.1023435e-01   6.2761404e-01   1.0000000e+00   1.3364857e-02
   5.5297193e-02   0.0000000e+00   0.0000000e+00   0.0000000e+00   0.0000000e+00   1.1688550e-20   6.6752822e-01   5.5450173e-01   1.0000000e+00   1.3308003e-02
   4.2753001e-02   0.0000000e+00   0.0000000e+00   0.0000000e+00   0.0000000e+00   3.4342742e-21   8.8117152e-01   2.2362329e-01   1.0000000e+00   1.3273029e-02
   7.9701419e-02   0.0000000e+00   1.6279899e-21   0.0000000e+00   0.0000000e+00   0.0000000e+00   2.8314162e-01   9.1987449e-01   1.0000000e+00   1.3063323e-02
   5.5186726e-02   0.0000000e+00   0.0000000e+00   0.0000000e+00   0.0000000e+00   7.0318826e-20   6.6980450e-01   5.5151205e-01   1.0000000e+00   1.2789984e-02
   6.1878403e-02   0.0000000e+00   3.4307069e-21   0.0000000e+00   0.0000000e+00   3.5103700e-22   5.2865213e-01   7.2059077e-01   1.0000000e+00   1.2773803e-02
   5.5567052e-02   0.0000000e+00   0.0000000e+00   0.0000000e+00   0.0000000e+00   1.1703604e-20   6.6195084e-01   5.6191628e-01   1.0000000e+00   1.2464642e-02
   5.3829107e-02   0.0000000e+00   0.0000000e+00   0.0000000e+00   0.0000000e+00   0.0000000e+00   6.9741253e-01   5.1361576e-01   1.0000000e+00   1.2403802e-02
   1.1135589e-01   0.0000000e+00   0.0000000e+00   0.0000000e+00   0.0000000e+00   2.1078660e-21   7.3407427e-01   4.6120133e-01   1.0000000e+00   1.2197561e-02
   3.8547394e-01   0.0000000e+00   0.0000000e+00   0.0000000e+00   0.0000000e+00   6.6933125e-22   9.2899010e-01   1.3703770e-01   1.0000000e+00   1.2171082e-02
   4.2868489e-02   0.0000000e+00   2.1295068e-18   0.0000000e+00   0.0000000e+00   8.5324124e-23   8.7973123e-01   2.2650418e-01   1.0000000e+00   1.2167897e-02
   4.2051327e-01   0.0000000e+00   0.0000000e+00   0.0000000e+00   0.0000000e+00   0.0000000e+00   8.1692120e-01   3.3263976e-01   1.0000000e+00   1.2096110e-02
   1.0611057e-01   0.0000000e+00   0.0000000e+00   0.0000000e+00   0.0000000e+00   0.0000000e+00   6.3039377e-01   6.0260369e-01   1.0000000e+00   1.2072862e-02
   7.1283701e-02   0.0000000e+00   0.0000000e+00   0.0000000e+00   0.0000000e+00   3.3227648e-22   3.5676714e-01   8.7274784e-01   1.0000000e+00   1.1953075e-02
   1.1065414e-01   0.0000000e+00   0.0000000e+00   0.0000000e+00   0.0000000e+00   1.9975622e-21   7.2088178e-01   4.8039411e-01   1.0000000e+00   1.1915478e-02
   5.7249858e-02   0.0000000e+00   1.6970830e-16   0.0000000e+00   0.0000000e+00   1.2993991e-21   6.2672662e-01   6.0822521e-01   1.0000000e+00   1.1731625e-02
   1.0134267e-01   0.0000000e+00   0.0000000e+00   0.0000000e+00   0.0000000e+00   1.6259662e-23   5.3136817e-01   7.1766426e-01   1.0000000e+00   1.1544475e-02
   1.0155307e-01   0.0000000e+00   0.0000000e+00   0.0000000e+00   0.0000000e+00   0.0000000e+00   5.3570522e-01   7.1301991e-01   1.0000000e+00   1.1519180e-02
   5.6467887e-02   0.0000000e+00   0.0000000e+00   0.0000000e+00   0.0000000e+00   7.4958337e-23   6.4317888e-01   5.8634739e-01   1.0000000e+00   1.1419793e-02
   5.0180133e-02   0.0000000e+00   0.0000000e+00   0.0000000e+00   0.0000000e+00   3.7694537e-21   7.6720194e-01   4.1148039e-01   1.0000000e+00   1.1096820e-02
   4.9086667e-02   0.0000000e+00   2.9896559e-22   0.0000000e+00   0.0000000e+00   3.7308568e-21   7.8655529e-01   3.8141285e-01   1.0000000e+00   1.1083813e-02
   1.1300973e-01   0.0000000e+00   0.0000000e+00   0.0000000e+00   0.0000000e+00   0.0000000e+00   7.6407819e-01   4.1618452e-01   1.0000000e+00   1.1056917e-02
   5.4931003e-02   0.0000000e+00   0.0000000e+00   0.0000000e+00   0.0000000e+00   1.1224243e-20   6.7505795e-01   5.4439211e-01   1.0000000e+00   1.1018830e-02
   4.3543387e-02   0.0000000e+00   0.0000000e+00   0.0000000e+00   0.0000000e+00   3.1525899e-21   8.7109770e-01   2.4127267e-01   1.0000000e+00   1.0989277e-02
   5.0567565e-02   0.0000000e+00   1.4752295e-20   0.0000000e+00   0.0000000e+00   3.2155741e-21   7.6015621e-01   4.2227879e-01   1.0000000e+00   1.0987842e-02
   5.7406561e-02   0.0000000e+00   0.0000000e+00   0.0000000e+00   0.0000000e+00   1.1897063e-20   6.2341583e-01   6.1144499e-01   1.0000000e+00   1.0910649e-02
   1.0697037e-01   0.0000000e+00   0.0000000e+00   0.0000000e+00   0.0000000e+00   0.0000000e+00   6.4803853e-01   5.8004606e-01   1.0000000e+00   1.0896651e-02
   6.5589203e-02   0.0000000e+00   0.0000000e+00   0.0000000e+00   0.0000000e+00   1.2434243e-23   4.5360654e-01   7.9425551e-01   1.0000000e+00   1.0768135e-02
   1.0263537e-01   0.0000000e+00   2.0150319e-18   0.0000000e+00   0.0000000e+00   1.5597154e-23   5.5813575e-01   6.8879894e-01   1.0000000e+00   1.0735878e-02
   5.3604145e-02   0.0000000e+00   0.0000000e+00   0.0000000e+00   0.0000000e+00   2.0121307e-21   7.0191446e-01   5.0737971e-01   1.0000000e+00   1.0691294e-02
   1.2472828e-01   0.0000000e+00   0.0000000e+00   0.0000000e+00   0.0000000e+00   1.1405748e-22   9.2174484e-01   1.5042491e-01   1.0000000e+00   1.0587597e-02
   5.1460134e-02   0.0000000e+00   1.3678924e-20   0.0000000e+00   0.0000000e+00   3.7001864e-22   7.4357021e-01   4.4721093e-01   1.0000000e+00   1.0509165e-02
   1.2250949e-01   0.0000000e+00   0.0000000e+00   0.0000000e+00   0.0000000e+00   2.4250237e-23   8.9980502e-01   1.9037648e-01   1.0000000e+00   1.0426610e-02
   1.0309963e-01   0.0000000e+00   0.0000000e+00   0.0000000e+00   0.0000000e+00   5.3455376e-22   5.6780023e-01   6.7764336e-01   1.0000000e+00   1.0395908e-02
   5.4549835e-02   0.0000000e+00   0.0000000e+00   0.0000000e+00   0.0000000e+00   6.7694839e-20   6.8284481e-01   5.3387348e-01   1.0000000e+00   1.0391049e-02
   1.0069464e-01   0.0000000e+00   0.0000000e+00   0.0000000e+00   0.0000000e+00   0.0000000e+00   5.1807454e-01   7.3159877e-01   1.0000000e+00   1.0281273e-02
   6.0629864e-02   0.0000000e+00   0.0000000e+00   0.0000000e+00   0.0000000e+00   3.8232155e-22   5.5495582e-01   6.9206084e-01   1.0000000e+00   1.0258887e-02
   6.4178829e-02   0.0000000e+00   0.0000000e+00   0.0000000e+00   0.0000000e+00   1.2358518e-23   4.8138812e-01   7.6828017e-01   1.0000000e+00   1.0171869e-02
   9.6471959e-02   0.0000000e+00   4.1003385e-20   0.0000000e+00   0.0000000e+00   2.2823669e-21   4.3549299e-01   8.1045506e-01   1.0000000e+00   1.0131842e-02
   5.7561688e-02   0.0000000e+00   4.0103102e-18   0.0000000e+00   0.0000000e+00   3.9774365e-22   6.2013456e-01   6.1582741e-01   1.0000000e+00   9.9417472e-03
   1.0739465e-01   0.0000000e+00   0.0000000e+00   0.0000000e+00   0.0000000e+00   1.9555764e-21   6.5667690e-01   5.6883602e-01   1.0000000e+00   9.8914629e-03
   1.1798382e-01   0.0000000e+00   0.0000000e+00   0.0000000e+00   0.0000000e+00   2.2588835e-21   8.4349043e-01   2.8859898e-01   1.0000000e+00   9.8681032e-03
   9.3803400e-02   0.0000000e+00   0.0000000e+00   0.0000000e+00   0.0000000e+00   6.7944355e-22   3.8910392e-01   8.4863555e-01   1.0000000e+00   9.8602427e-03
   5.9404306e-02   0.0000000e+00   0.0000000e+00   0.0000000e+00   0.0000000e+00   1.2359040e-22   5.8098651e-01   6.6248305e-01   1.0000000e+00   9.7981834e-03
   4.7551450e-02   0.0000000e+00   3.8374194e-18   0.0000000e+00   0.0000000e+00   4.0180830e-22   8.1231812e-01   3.4060677e-01   1.0000000e+00   9.6740638e-03
   1.0541224e-01   0.0000000e+00   0.0000000e+00   0.0000000e+00   0.0000000e+00   0.0000000e+00   6.1595350e-01   6.2060128e-01   1.0000000e+00   9.6740292e-03
   4.3759979e-02   0.0000000e+00   0.0000000e+00   0.0000000e+00   0.0000000e+00   3.3204349e-21   8.6824862e-01   2.4622906e-01   1.0000000e+00   9.6726718e-03
   1.1222217e-01   0.0000000e+00   0.0000000e+00   0.0000000e+00   0.0000000e+00   3.0335425e-20   7.4998947e-01   4.3764702e-01   1.0000000e+00   9.6645836e-03
   4.3719364e-01   0.0000000e+00   0.0000000e+00   0.0000000e+00   0.0000000e+00   2.0323055e-23   8.9025340e-01   2.0747310e-01   1.0000000e+00   9.6428919e-03
   1.1962219e-01   0.0000000e+00   0.0000000e+00   0.0000000e+00   0.0000000e+00   5.7514393e-22   8.6568743e-01   2.5063980e-01   1.0000000e+00   9.6368801e-03
   4.4029346e-01   0.0000000e+00   0.0000000e+00   0.0000000e+00   0.0000000e+00   3.5584212e-23   9.0716883e-01   1.7707304e-01   1.0000000e+00   9.5868356e-03
   6.5222267e-02   0.0000000e+00   0.0000000e+00   0.0000000e+00   0.0000000e+00   5.0213770e-23   4.6072598e-01   7.8775211e-01   1.0000000e+00   9.5515344e-03
   6.3140752e-02   0.0000000e+00   0.0000000e+00   0.0000000e+00   0.0000000e+00   3.8019316e-22   5.0246960e-01   7.4755949e-01   1.0000000e+00   9.5435762e-03
   7.7576954e-02   0.0000000e+00   0.0000000e+00   0.0000000e+00   0.0000000e+00   5.7291730e-24   2.9227344e-01   9.1458692e-01   1.0000000e+00   9.4498710e-03
   7.3569315e-02   0.0000000e+00   0.0000000e+00   0.0000000e+00   0.0000000e+00   0.0000000e+00   3.2731395e-01   8.9286558e-01   1.0000000e+00   9.3721162e-03
   6.2982700e-02   0.0000000e+00   0.0000000e+00   0.0000000e+00   0.0000000e+00   4.3546561e-23   5.0571836e-01   7.4426947e-01   1.0000000e+00   9.3177797e-03
   1.0653173e-01   0.0000000e+00   0.0000000e+00   0.0000000e+00   0.0000000e+00   0.0000000e+00   6.3905796e-01   5.9160492e-01   1.0000000e+00   9.3027384e-03
   1.0096176e-01   0.0000000e+00   0.0000000e+00   0.0000000e+00   0.0000000e+00   0.0000000e+00   5.2354142e-01   7.2590439e-01   1.0000000e+00   9.2925616e-03
   1.2440406e-01   0.0000000e+00   0.0000000e+00   0.0000000e+00   0.0000000e+00   5.9048931e-22   9.1876512e-01   1.5592851e-01   1.0000000e+00   9.2310173e-03
   1.1113304e-01   0.0000000e+00   0.0000000e+00   0.0000000e+00   0.0000000e+00   2.0120018e-21   7.2991290e-01   4.6729248e-01   1.0000000e+00   9.2100335e-03
   6.4674929e-02   0.0000000e+00   0.0000000e+00   0.0000000e+00   0.0000000e+00   1.1504472e-23   4.7149148e-01   7.7771011e-01   1.0000000e+00   9.1713665e-03
   1.2859577e-01   0.0000000e+00   0.0000000e+00   0.0000000e+00   0.0000000e+00   1.1755356e-22   9.5165522e-01   9.4392273e-02   1.0000000e+00   9.1711307e-03
   1.0627474e-01   0.0000000e+00   0.0000000e+00   0.0000000e+00   0.0000000e+00   0.0000000e+00   6.3377571e-01   5.9832836e-01   1.0000000e+00   9.1479211e-03
   1.0983064e-01   0.0000000e+00   0.0000000e+00   0.0000000e+00   0.0000000e+00   0.0000000e+00   7.0508469e-01   5.0285559e-01   1.0000000e+00   9.0963789e-03
   4.1341066e-02   0.0000000e+00   0.0000000e+00   0.0000000e+00   0.0000000e+00   2.9751119e-21   8.9790559e-01   1.9385045e-01   1.0000000e+00   9.0725709e-03
   1.0093283e-01   0.0000000e+00   0.0000000e+00   0.0000000e+00   0.0000000e+00   0.0000000e+00   5.2294845e-01   7.2652492e-01   1.0000000e+00   8.9082672e-03
   1.1346975e-01   0.0000000e+00   0.0000000e+00   0.0000000e+00   0.0000000e+00   3.5130371e-24   7.7213095e-01   4.0382770e-01   1.0000000e+00   8.8219365e-03
   6.2861652e-02   0.0000000e+00   0.0000000e+00   0.0000000e+00   0.0000000e+00   3.5041634e-22   5.0821274e-01   7.4175445e-01   1.0000000e+00   8.8175823e-03
   6.4803429e-02   0.0000000e+00   0.0000000e+00   0.0000000e+00   0.0000000e+00   1.8356163e-23   4.6894905e-01   7.8010286e-01   1.0000000e+00   8.7918814e-03
   1.0888437e-01   0.0000000e+00   0.0000000e+00   0.0000000e+00   0.0000000e+00   3.4451384e-23   6.8655194e-01   5.2866912e-01   1.0000000e+00   8.6830852e-03
   4.9999359e-02   0.0000000e+00   0.0000000e+00   0.0000000e+00   0.0000000e+00   3.6868621e-21   7.7045638e-01   4.0647599e-01   1.0000000e+00   8.6099707e-03
   1.1457932e-01   0.0000000e+00   0.0000000e+00   0.0000000e+00   0.0000000e+00   6.1950062e-24   7.9099087e-01   3.7434977e-01   1.0000000e+00   8.6073088e-03
   1.0062430e-01   0.0000000e+00   0.0000000e+00   0.0000000e+00   0.0000000e+00   7.2031421e-25   5.1663822e-01   7.3309238e-01   1.0000000e+00   8.6036135e-03
   5.1224678e-02   0.0000000e+00   0.0000000e+00   0.0000000e+00   0.0000000e+00   4.0167947e-22   7.4799210e-01   4.4055226e-01   1.0000000e+00   8.5659814e-03
   7.5187061e-02   0.0000000e+00   0.0000000e+00   0.0000000e+00   0.0000000e+00   0.0000000e+00   3.1048313e-01   9.0360022e-01   1.0000000e+00   8.5327648e-03
   9.5527230e-02   0.0000000e+00   4.0730819e-20   0.0000000e+00   0.0000000e+00   2.3359714e-21   4.1842589e-01   8.2502750e-01   1.0000000e+00   8.4887713e-03
   1.0287825e-01   0.0000000e+00   0.0000000e+00   0.0000000e+00   0.0000000e+00   0.0000000e+00   5.6318973e-01   6.8281733e-01   1.0000000e+00   8.4655049e-03
   5.3965258e-02   0.0000000e+00   0.0000000e+00   0.0000000e+00   0.0000000e+00   7.1731567e-20   6.9467713e-01   5.1757808e-01   1.0000000e+00   8.3890972e-03
   5.9612883e-02   0.0000000e+00   5.7766194e-20   0.0000000e+00   0.0000000e+00   0.0000000e+00   5.7654922e-01   6.6772244e-01   1.0000000e+00   8.3798110e-03
   4.5044282e-01   0.0000000e+00   0.0000000e+00   0.0000000e+00   0.0000000e+00   0.0000000e+00   9.5540310e-01   8.7204913e-02   1.0000000e+00   8.3763499e-03
   1.1090159e-01   0.0000000e+00   0.0000000e+00   0.0000000e+00   0.0000000e+00   2.0211448e-21   7.2556316e-01   4.7362323e-01   1.0000000e+00   8.3595789e-03
   9.1990437e-02   0.0000000e+00   0.0000000e+00   0.0000000e+00   0.0000000e+00   5.6261217e-22   3.6122594e-01   8.6955086e-01   1.0000000e+00   8.3569474e-03
   4.2142537e-01   0.0000000e+00   0.0000000e+00   0.0000000e+00   0.0000000e+00   0.0000000e+00   8.1911104e-01   3.2905711e-01   1.0000000e+00   8.2489442e-03
   1.1820147e-01   0.0000000e+00   0.0000000e+00   0.0000000e+00   0.0000000e+00   2.1376763e-21   8.4655668e-01   2.8341607e-01   1.0000000e+00   8.2452569e-03
   5.3064463e-02   0.0000000e+00   0.0000000e+00   0.0000000e+00   0.0000000e+00   3.4943043e-21   7.1262002e-01   4.9224648e-01   1.0000000e+00   8.0824833e-03
   9.5758673e-02   0.0000000e+00   4.1004464e-20   0.0000000e+00   0.0000000e+00   2.3268284e-21   4.2254663e-01   8.2156255e-01   1.0000000e+00   8.0248407e-03
   4.2961353e-01   0.0000000e+00   0.0000000e+00   0.0000000e+00   0.0000000e+00   0.0000000e+00   8.5027074e-01   2.7703967e-01   1.0000000e+00   8.0208587e-03
   4.7307492e-01   0.0000000e+00   0.0000000e+00   0.0000000e+00   0.0000000e+00   0.0000000e+00   9.9801349e-01   3.9690721e-03   1.0000000e+00   8.0179375e-03
   7.7044407e-02   0.0000000e+00   6.0215145e-21   0.0000000e+00   0.0000000e+00   5.6863668e-22   2.9561796e-01   9.1267237e-01   1.0000000e+00   7.9976326e-03
   4.4365299e-01   0.0000000e+00   0.0000000e+00   0.0000000e+00   0.0000000e+00   0.0000000e+00   9.2474434e-01   1.4484791e-01   1.0000000e+00   7.9656235e-03
   4.5153989e-01   0.0000000e+00   3.5829018e-20   0.0000000e+00   0.0000000e+00   4.1451691e-22   9.5957157e-01   7.9391062e-02   1.0000000e+00   7.9441827e-03
   6.5023548e-02   0.0000000e+00   0.0000000e+00   0.0000000e+00   0.0000000e+00   3.7097487e-23   4.6461500e-01   7.8415199e-01   1.0000000e+00   7.8814170e-03
   6.7196365e-02   0.0000000e+00   0.0000000e+00   0.0000000e+00   0.0000000e+00   0.0000000e+00   4.2347757e-01   8.2066675e-01   1.0000000e+00   7.6934041e-03
   1.0043538e-01   0.0000000e+00   0.0000000e+00   0.0000000e+00   0.0000000e+00   7.1918495e-25   5.1278765e-01   7.3705622e-01   1.0000000e+00   7.6639916e-03
   8.1201231e-02   0.0000000e+00   0.0000000e+00   0.0000000e+00   0.0000000e+00   2.0611400e-23   2.8082585e-01   9.2115147e-01   1.0000000e+00   7.6305415e-03
   1.0686247e-01   0.0000000e+00   0.0000000e+00   0.0000000e+00   0.0000000e+00   0.0000000e+00   6.4583390e-01   5.8289857e-01   1.0000000e+00   7.6149559e-03
   4.9407649e-02   0.0000000e+00   0.0000000e+00   0.0000000e+00   0.0000000e+00   3.8654572e-21   7.8095778e-01   3.9018572e-01   1.0000000e+00   7.5744595e-03
   9.3526046e-02   0.0000000e+00   4.5289855e-20   0.0000000e+00   0.0000000e+00   2.1830083e-21   3.8463020e-01   8.5216744e-01   1.0000000e+00   7.5672480e-03
   4.4900526e-02   0.0000000e+00   0.0000000e+00   0.0000000e+00   0.0000000e+00   0.0000000e+00   8.5262033e-01   2.7303857e-01   1.0000000e+00   7.5542778e-03
   1.1091116e-01   0.0000000e+00   0.0000000e+00   0.0000000e+00   0.0000000e+00   2.9784724e-20   7.2574342e-01   4.7342412e-01   1.0000000e+00   7.5010954e-03
   4.5645553e-01   0.0000000e+00   0.0000000e+00   0.0000000e+00   0.0000000e+00   0.0000000e+00   9.7528229e-01   4.8824455e-02   1.0000000e+00   7.4833258e-03
   1.1028265e-01   0.0000000e+00   0.0000000e+00   0.0000000e+00   0.0000000e+00   4.8792901e-24   7.1379607e-01   4.9050944e-01   1.0000000e+00   7.4209391e-03
   6.8113499e-02   0.0000000e+00   0.0000000e+00   0.0000000e+00   0.0000000e+00   0.0000000e+00   4.0715950e-01   8.3422114e-01   1.0000000e+00   7.4020681e-03
   4.5158670e-01   0.0000000e+00   0.0000000e+00   0.0000000e+00   0.0000000e+00   0.0000000e+00   9.5974413e-01   7.8891211e-02   1.0000000e+00   7.3636938e-03
   7.4513498e-02   0.0000000e+00   0.0000000e+00   0.0000000e+00   0.0000000e+00   2.1616779e-22   3.1706525e-01   8.9949649e-01   1.0000000e+00   7.3558408e-03
   9.4408994e-02   0.0000000e+00   4.1710239e-20   0.0000000e+00   0.0000000e+00   2.3257045e-21   3.9911600e-01   8.4081329e-01   1.0000000e+00   7.3527725e-03
   5.4240309e-02   0.0000000e+00   0.0000000e+00   0.0000000e+00   0.0000000e+00   0.0000000e+00   6.8912715e-01   5.2510377e-01   1.0000000e+00   7.3359324e-03
   6.6982289e-02   0.0000000e+00   0.0000000e+00   0.0000000e+00   0.0000000e+00   0.0000000e+00   4.2738333e-01   8.1734349e-01   1.0000000e+00   7.3170884e-03
   4.1611750e-02   0.0000000e+00   1.9395646e-18   0.0000000e+00   0.0000000e+00   2.3991583e-23   8.9482251e-01   1.9972030e-01   1.0000000e+00   7.3128083e-03
   1.2833651e-01   0.0000000e+00   0.0000000e+00   0.0000000e+00   0.0000000e+00   1.1561136e-22   9.4995996e-01   9.7615770e-02   1.0000000e+00   7.3044079e-03
   9.6250916e-02   0.0000000e+00   4.1442649e-20   0.0000000e+00   0.0000000e+00   2.3105334e-21   4.3144239e-01   8.1396664e-01   1.0000000e+00   7.3038495e-03
   4.0818946e-02   0.0000000e+00   0.0000000e+00   0.0000000e+00   0.0000000e+00   3.4661295e-21   9.0368593e-01   1.8344045e-01   1.0000000e+00   7.2714114e-03
   4.5717041e-01   0.0000000e+00   0.0000000e+00   0.0000000e+00   0.0000000e+00   0.0000000e+00   9.7716455e-01   4.5149446e-02   1.0000000e+00   7.2147978e-03
   4.6677014e-02   0.0000000e+00   3.9601618e-18   0.0000000e+00   0.0000000e+00   3.9853219e-22   8.2621402e-01   3.1784803e-01   1.0000000e+00   7.1584108e-03
   6.9980862e-02   0.0000000e+00   0.0000000e+00   0.0000000e+00   0.0000000e+00   1.4319924e-21   3.7624973e-01   8.5848083e-01   1.0000000e+00   7.1416696e-03
   4.4239794e-02   0.0000000e+00   0.0000000e+00   0.0000000e+00   0.0000000e+00   1.4044969e-20   8.6180181e-01   2.5741837e-01   1.0000000e+00   7.0830398e-03
   7.0231615e-02   0.0000000e+00   0.0000000e+00   0.0000000e+00   0.0000000e+00   0.0000000e+00   3.7235918e-01   8.6134864e-01   1.0000000e+00   7.0637763e-03
   9.4592262e-02   0.0000000e+00   4.3477817e-20   0.0000000e+00   0.0000000e+00   2.2456658e-21   4.0220959e-01   8.3833556e-01   1.0000000e+00   7.0530119e-03
   6.7939631e-02   0.0000000e+00   1.0827522e-23   0.0000000e+00   0.0000000e+00   1.8053056e-22   4.1019946e-01   8.3176406e-01   1.0000000e+00   6.9618518e-03
   1.1940457e-01   0.0000000e+00   0.0000000e+00   0.0000000e+00   0.0000000e+00   2.1881677e-21   8.6285706e-01   2.5555362e-01   1.0000000e+00   6.9585844e-03
   1.1044732e-01   0.0000000e+00   0.0000000e+00   0.0000000e+00   0.0000000e+00   3.0547060e-20   7.1694531e-01   4.8611681e-01   1.0000000e+00   6.9249156e-03
   1.1003345e-01   0.0000000e+00   1.2278151e-18   0.0000000e+00   0.0000000e+00   1.6273455e-20   7.0900517e-01   4.9763103e-01   1.0000000e+00   6.8638721e-03
   4.5033358e-01   0.0000000e+00   0.0000000e+00   0.0000000e+00   0.0000000e+00   4.1587120e-24   9.5497507e-01   8.8040001e-02   1.0000000e+00   6.8609222e-03
   7.4119946e-02   0.0000000e+00   3.5154611e-18   0.0000000e+00   0.0000000e+00   2.1862780e-22   3.2119427e-01   8.9713823e-01   1.0000000e+00   6.8259459e-03
   5.7687388e-02   0.0000000e+00   0.0000000e+00   0.0000000e+00   0.0000000e+00   1.9435016e-22   6.1747317e-01   6.1875970e-01   1.0000000e+00   6.7968195e-03
   4.7785959e-02   0.0000000e+00   0.0000000e+00   0.0000000e+00   0.0000000e+00   3.3390284e-21   8.0849370e-01   3.4641793e-01   1.0000000e+00   6.7729066e-03
   4.9716180e-02   0.0000000e+00   0.0000000e+00   0.0000000e+00   0.0000000e+00   3.8408414e-21   7.7551129e-01   3.9866247e-01   1.0000000e+00   6.7501904e-03
   5.9335517e-02   0.0000000e+00   0.0000000e+00   0.0000000e+00   0.0000000e+00   1.3051248e-22   5.8245019e-01   6.6078058e-01   1.0000000e+00   6.7072689e-03
   6.3269303e-02   0.0000000e+00   5.7270650e-22   0.0000000e+00   0.0000000e+00   0.0000000e+00   4.9983429e-01   7.5020459e-01   1.0000000e+00   6.7028281e-03
   1.3263503e-01   0.0000000e+00   0.0000000e+00   0.0000000e+00   0.0000000e+00   1.1896751e-22   9.7299374e-01   5.3324094e-02   1.0000000e+00   6.6497789e-03
   9.6738750e-02   0.0000000e+00   0.0000000e+00   0.0000000e+00   0.0000000e+00   0.0000000e+00   4.4042611e-01   8.0602484e-01   1.0000000e+00   6.6312909e-03
   4.2916290e-01   0.0000000e+00   0.0000000e+00   0.0000000e+00   0.0000000e+00   3.8835756e-23   8.4811979e-01   2.8072014e-01   1.0000000e+00   6.6277365e-03
   7.6023079e-02   0.0000000e+00   0.0000000e+00   0.0000000e+00   0.0000000e+00   3.4261789e-23   3.0318542e-01   9.0809542e-01   1.0000000e+00   6.6034478e-03
   4.8324387e-02   0.0000000e+00   0.0000000e+00   0.0000000e+00   0.0000000e+00   3.8966471e-21   7.9955979e-01   3.6078656e-01   1.0000000e+00   6.5362899e-03
   1.0637487e-01   0.0000000e+00   0.0000000e+00   0.0000000e+00   0.0000000e+00   0.0000000e+00   6.3583553e-01   5.9571318e-01   1.0000000e+00   6.5216448e-03
   4.6830914e-02   0.0000000e+00   0.0000000e+00   0.0000000e+00   0.0000000e+00   1.3874835e-20   8.2381053e-01   3.2145216e-01   1.0000000e+00   6.5155138e-03
   7.4776798e-02   0.0000000e+00   0.0000000e+00   0.0000000e+00   0.0000000e+00   1.5216050e-22   3.1441877e-01   9.0116540e-01   1.0000000e+00   6.5008343e-03
   1.1417842e-01   0.0000000e+00   0.0000000e+00   0.0000000e+00   0.0000000e+00   0.0000000e+00   7.8427041e-01   3.8491992e-01   1.0000000e+00   6.4765577e-03
   5.0529283e-02   0.0000000e+00   1.5329012e-20   0.0000000e+00   0.0000000e+00   3.1626384e-21   7.6085665e-01   4.2121433e-01   1.0000000e+00   6.4179893e-03
   7.5542717e-02   0.0000000e+00   0.0000000e+00   0.0000000e+00   0.0000000e+00   0.0000000e+00   3.0725908e-01   9.0559186e-01   1.0000000e+00   6.3767483e-03
   5.4826523e-02   0.0000000e+00   0.0000000e+00   0.0000000e+00   0.0000000e+00   6.7100956e-20   6.7719768e-01   5.4155269e-01   1.0000000e+00   6.2980807e-03
   4.3115425e-01   0.0000000e+00   0.0000000e+00   0.0000000e+00   0.0000000e+00   5.6194956e-23   8.5789368e-01   2.6404869e-01   1.0000000e+00   6.2877228e-03
   7.4306772e-02   0.0000000e+00   0.0000000e+00   0.0000000e+00   0.0000000e+00   1.8482651e-22   3.1920842e-01   8.9813184e-01   1.0000000e+00   6.2823004e-03
   1.1003768e-01   0.0000000e+00   0.0000000e+00   0.0000000e+00   0.0000000e+00   0.0000000e+00   7.0908689e-01   4.9719578e-01   1.0000000e+00   6.2621057e-03
   6.5052991e-02   0.0000000e+00   0.0000000e+00   0.0000000e+00   0.0000000e+00   2.5692945e-23   4.6403736e-01   7.8468674e-01   1.0000000e+00   6.2336824e-03
   1.0279565e-01   0.0000000e+00   0.0000000e+00   0.0000000e+00   0.0000000e+00   0.0000000e+00   5.6147044e-01   6.8475095e-01   1.0000000e+00   6.2132372e-03
   6.5358399e-02   0.0000000e+00   0.0000000e+00   0.0000000e+00   0.0000000e+00   1.9915953e-23   4.5807518e-01   7.9018339e-01   1.0000000e+00   6.1948067e-03
   6.2719406e-02   0.0000000e+00   0.0000000e+00   0.0000000e+00   0.0000000e+00   3.7504550e-22   5.1115060e-01   7.3876038e-01   1.0000000e+00   6.0391209e-03
   7.4935268e-02   0.0000000e+00   3.4841453e-18   0.0000000e+00   0.0000000e+00   2.2473063e-22   3.1287128e-01   9.0241342e-01   1.0000000e+00   6.0309916e-03
   1.1880983e-01   0.0000000e+00   0.0000000e+00   0.0000000e+00   0.0000000e+00   2.2151681e-21   8.5493698e-01   2.6915834e-01   1.0000000e+00   6.0267361e-03
   9.2418098e-02   0.0000000e+00   0.0000000e+00   0.0000000e+00   0.0000000e+00   5.5238335e-22   3.6750252e-01   8.6497691e-01   1.0000000e+00   6.0215044e-03
   1.0168428e-01   0.0000000e+00   0.0000000e+00   0.0000000e+00   0.0000000e+00   1.6426649e-21   5.3841442e-01   7.1016217e-01   1.0000000e+00   6.0213250e-03
   1.2295755e-01   0.0000000e+00   1.3311804e-19   0.0000000e+00   0.0000000e+00   2.0784152e-21   9.0453062e-01   1.8204622e-01   1.0000000e+00   6.0210516e-03
   4.8601076e-02   0.0000000e+00   0.0000000e+00   0.0000000e+00   0.0000000e+00   3.3027638e-21   7.9488713e-01   3.6823318e-01   1.0000000e+00   6.0182578e-03
   1.1461778e-01   0.0000000e+00   0.0000000e+00   0.0000000e+00   0.0000000e+00   4.7787860e-24   7.9162977e-01   3.7333761e-01   1.0000000e+00   6.0026739e-03
   7.3894732e-02   0.0000000e+00   0.0000000e+00   0.0000000e+00   0.0000000e+00   1.5202272e-21   3.2364943e-01   8.9529495e-01   1.0000000e+00   5.9575182e-03
   4.4451994e-02   0.0000000e+00   0.0000000e+00   0.0000000e+00   0.0000000e+00   3.2962590e-21   8.5889138e-01   2.6238939e-01   1.0000000e+00   5.9520569e-03
